9999.99
257.43
140.36
257.07
235.81
244.73
283.37
34.03
288.01
175.71
52.99
272.90
136.62
286.56
130.58
6.47
39.55
307.74
183.34
103.08
13.36
146.12
298.32
58.84
193.60
93.45
108.61
24.25
206.38
93.80
23.23
225.90
4.76
200.29
225.94
283.38
190.50
86.15
212.16
301.22
140.12
11.45
72.07
54.54
231.44
227.74
252.49
255.57
124.10
128.89
139.96
122.15
296.09
268.89
196.87
117.93
31.31
126.55
63.82
57.37
17.86
124.33
321.47
131.26
307.22
93.15
148.44
268.19
122.38
80.64
4.74
50.38
175.42
51.57
56.62
205.75
176.93
309.69
127.46
264.19
95.46
185.37
273.73
313.72
240.05
74.77
124.62
236.80
205.98
195.79
267.13
61.78
146.78
126.79
251.83
231.21
202.42
73.50
212.20
27.42
294.73
322.74
171.28
95.59
252.05
186.00
130.44
231.30
82.07
282.71
106.97
20.61
161.31
196.81
120.94
72.23
183.65
26.80
124.20
97.38
289.65
319.73
189.36
84.73
95.02
159.32
295.50
216.48
149.81
178.30
121.74
282.49
53.79
133.20
68.37
279.17
251.22
261.98
204.90
215.34
154.95
7.04
303.96
137.00
308.18
303.51
251.08
265.43
92.79
294.36
147.55
14.40
169.18
270.65
287.81
163.70
316.93
224.15
217.55
268.20
261.09
244.32
81.21
245.58
197.09
148.83
141.90
189.29
137.12
79.46
44.50
187.43
323.22
137.11
210.71
3.03
40.79
201.22
109.83
61.76
226.16
93.07
151.89
224.00
196.37
84.56
181.86
145.22
201.48
218.61
34.15
199.13
155.00
184.33
110.75
91.52
302.87
188.06
264.21
236.45
211.92
